******************************************************
			Calibration Result		    
******************************************************
 Below results provides you all the calibrated results:
******************************************************
			Distortion_Coefficient		    
******************************************************

-0.4090283955602408
 0.2192303784978322
 -0.0005063546988444382
 -0.0001898564142195639
 -0.06754769949957294
******************************************************
			Intrensic Matrix		    
******************************************************

629.1852309304041, 0, 501.3666463064617;
 0, 628.5443017729802, 488.7275168105861;
 0, 0, 1
******************************************************
                   Rotation Vector                    
******************************************************

0.06551945738023801;
 -0.3646355745999624;
 0.0308040379039774

-0.180813915465571;
 -0.4804576788958693;
 -0.01615977878345931

-0.1544504784963474;
 -0.1437701964394584;
 0.0006507227766184874

-0.2216011883061579;
 0.3042366690049038;
 -0.06328608376936395

0.05733113068938603;
 -0.7870959388945648;
 0.02734520185616377

0.02887719062783113;
 -0.03562499698983217;
 0.03275849377319945

0.03031697345790159;
 0.1518596508036339;
 0.06097794226752861

0.0146558740671018;
 -0.1877041747112498;
 0.1447757391296023

-0.6101822774662347;
 -0.4282106321243563;
 -0.1153748908215597

-0.4428102450930753;
 0.06442833801175905;
 -0.1384467895290246

0.08051442816092211;
 -0.1000210859535681;
 0.01106840040236145

0.1901574457716543;
 -0.4067565033693235;
 -1.27673733123495

0.18444456505034;
 0.2968693816696074;
 -0.1651680155269766

0.426892098817994;
 -0.4307574617915993;
 -0.1512570625002882

-0.6716562298335935;
 -0.3428325327288642;
 -0.2066583415959007

-0.06990255693973123;
 -0.6068526774367147;
 -0.1857019648907306

-0.07563112334754915;
 0.246837776715154;
 0.1235277004116195

0.07778534615904278;
 0.2514078694727173;
 -0.04272166407860185

0.07219401374985333;
 0.2188736965854864;
 0.04363131937154986

0.4081255340396002;
 -0.5201372500184228;
 -0.1091084360706595

0.05529476776641229;
 0.4222712040001927;
 -0.004542948735440292

-0.2911870975862786;
 0.5488475782339112;
 0.1463214663950192

-0.4258265082679878;
 0.2231773357454023;
 0.2473829768233543

-0.06922145625187302;
 -0.1805506538664294;
 -0.5118426179528597

0.6170367689224007;
 -0.3187427327173351;
 0.08076622103499745

0.3704145297775256;
 -0.6045823436147607;
 -0.3805765845537681

0.285393298283326;
 0.3257842083263683;
 0.1216775986046657

-0.397181015142747;
 -0.571981458588231;
 -0.1714190370767316

0.1709598642883293;
 -0.5906213257063287;
 -0.1297861703776096

0.07322234200944319;
 0.2225617335874148;
 0.04667007720182777

0.7106903636592111;
 -0.4664850289181802;
 0.04268098386976622

-0.04080835677264529;
 -0.3337765880807851;
 -0.002181768367128676

0.1291736103760242;
 -0.2687165456993121;
 0.008880415130278112

0.3360870934417323;
 0.2166707263352577;
 -0.007764073980993543
******************************************************
                  Translation Vector                    
******************************************************

-645.952319134529;
 -640.8592559192314;
 966.3057080945848 

-341.4327780137031;
 -375.5628512751225;
 655.9749701644965 

-333.0100204954599;
 -359.0782130416442;
 781.4220475476122 

-258.0128310850124;
 -345.1918601633732;
 1224.491688211639 

-483.2824102120513;
 -3.274716092852413;
 781.7225025110158 

-569.3660280738181;
 8.141496385774406;
 1018.496526227697 

-628.2376919550383;
 3.351862546591998;
 1059.51781950799 

-675.919590480333;
 117.1377312826987;
 1007.511161515066 

-510.4443481024499;
 42.94317112770099;
 946.3764135520022 

-431.0895070346847;
 153.0887401530168;
 960.293214093449 

-559.7575871503388;
 -633.756536124337;
 1080.731853637095 

-437.0699206788465;
 222.9593680991121;
 829.2115571037897 

-720.324367432818;
 -426.8759070822833;
 1046.867455766254 

-479.0051429751108;
 -334.5982260016985;
 778.1429706534856 

-519.3775499072242;
 -180.6548784940513;
 879.2249567465906 

-346.1413487134888;
 -152.1578913615284;
 617.65711571636 

-445.3596230620145;
 -198.5734942538226;
 849.1135603724102 

-674.6304367979446;
 -786.9023851873421;
 1619.031357022497 

-371.7601545702674;
 -640.1088764524143;
 1135.930241333312 

-715.3853200897056;
 -532.0888714102678;
 1008.743542801769 

15.30432677942756;
 99.80558529928096;
 1708.936917407645 

32.58894697587113;
 201.8760536797837;
 1613.611821789181 

-343.7317172975914;
 -19.65143388652698;
 1041.716578854659 

-599.8083774685506;
 16.48955592157535;
 1255.16390500153 

-691.7801024489358;
 -398.7677502289458;
 994.7907712128571 

-463.9463709533547;
 -272.989399890937;
 750.913495995428 

-492.7595713203926;
 -452.3408896314284;
 868.8011317507226 

-462.4526527040888;
 -392.2380703005538;
 699.3121594395238 

-339.682087549263;
 -315.4946893447044;
 576.1981224467978 

-224.7020434106012;
 -632.6474252249794;
 1122.632911580642 

-307.4378353265009;
 -238.4253792908086;
 470.9918736240641 

-800.0761808653831;
 -696.9565896941664;
 1070.171239731648 

-473.2048979000517;
 -521.4674434336356;
 712.1663543498571 

-472.4168070946263;
 -408.1085273415774;
 802.9806540558151 
******************************************************
                  END                    
******************************************************
